009080004000401030084500000031000200000907000006000140000005810050608000200090500
000076000600005080000000206030690008700080005200014060905000000010800003000760000
000400005000000061000781090007090010300050002060040800020374000580000000400005000
400006070000230228009070000030000024810000057290000060000060400100082000020500009
820010000107000005000080600001009020460000059070400100004030000700000508000020097
001350000050000038000200900700900001004102600500008002005004000370000020000073500
090000300006010020700002010060000200500648009003000060030400006070030500008000070
006003040200804070000000006009200100080040060001005300500000000030402001060500700
304001700000000420890020000007004003010000080500800900000040079062000000008300205
080030000500007100000400009107008400009040500004200703300004000001800004000090030
